  -2.401803303602434E+05
  -2.964439615115557E-01   8.884760300810755E-01   1.060970622959392E+00
  -3.129597086525125E-01  -2.492262793143808E-01  -2.736900404341373E-01
  -5.378652649032365E-03  -4.526320483764532E-01   6.416724616860684E-01
   4.638152286147606E-01   5.399452293340985E-01   8.951912909391025E-01
  -8.167560847612647E-01  -1.833865759683680E-02   5.621976545881588E-01
  -1.271978310271947E+00   5.959668324255694E-01   8.099088203905628E-01
  -1.370028495042608E+00   9.469072443558069E-02  -1.905345667325757E+00
  -1.324859694221861E+00  -1.168531524890523E+00   1.855021723495570E+00
   3.643452258122963E-01  -1.886959462596991E-01  -1.185998916069989E+00
  -1.049323630730228E-01   8.585629391324110E-01   5.750009899672797E-01
   5.594441795444762E-01  -2.635750197417750E-01  -5.721074597073529E-01
  -5.398410033272272E-01  -1.561638586258488E+00  -2.877954096628373E-01
  -1.238824240062800E+00  -9.717865409244150E-01   1.062812371772287E+00
  -8.193954585617068E-02   9.051550158656905E-01  -9.295412085849927E-01
  -1.101066312514190E+00   7.147314710259480E-01   1.240576704587103E+00
  -4.994889366530437E-01  -1.477684384976357E+00  -4.867935313123589E-01
   4.095046782569771E-01   2.643246300156406E-01   1.603231442612434E-01
  -8.876186475247677E-02   7.636938714974547E-01  -1.083867356609275E+00
   2.764844506352073E-01   3.727906961219610E-02  -1.363542690185996E-03
  -9.422877022685191E-01   1.144211867873642E-02   1.870185855485586E-01
   1.032946937100962E+00   3.981535533695891E-01   5.293166226946067E-01
  -4.288273670187718E-01   1.181682972403795E-01  -3.521954901008527E-01
   1.851414835637039E+00  -1.031663375097995E+00   1.967463624000569E-01
   5.153304269506029E-01  -2.387649434824684E-02   4.798331826364490E-01
  -8.660075021955647E-01   9.047062285355517E-01   5.293517729626131E-02
   1.609365443076401E+00   7.062774490224394E-02  -6.271728696209794E-01
  -7.307333084259518E-02  -1.527661102984450E+00  -1.451942449282056E-01
   9.253995194420951E-03  -8.829307620397898E-01  -1.920330266870192E+00
   8.609753657269621E-01   9.675258869765313E-01  -2.049769135576862E+00
  -6.872924266254529E-02   3.005678791512718E-01  -4.606514047211413E-01
   9.289818205782469E-01  -6.135812346010401E-01  -1.097794340054855E+00
   2.645807444529902E-01   8.196811993933620E-01   1.142949906572671E+00
   8.569918910985917E-02   3.656537193297816E-01   8.967430558503865E-02
  -2.343818691088683E-01  -6.386248804177277E-01  -1.000899667574082E+00
   4.127107126210257E-01   1.457040342713957E+00  -7.751114226336631E-01
  -2.158716149114339E-01  -5.732617700610666E-01   1.642411333838415E+00
   2.805896715807874E-01  -9.178224843218330E-01   9.265681438922664E-01
   8.000341814115017E-01   9.462166458706185E-01   1.212914851697944E+00
   5.737576236280651E-01   1.070402685724704E+00   9.657304009253337E-01
   1.437915231538243E+00  -1.591948356525092E-01  -9.935558808197448E-01
   6.879534369133490E-02   2.323747352097351E-01  -3.271681306203179E-01
   8.926205117887690E-01  -7.050827613719761E-01   7.192437407122044E-01
   4.886286460783514E-01  -4.762343635981691E-01   2.062887276743309E+00
  -1.318582591449590E+00   5.548645449932345E-01   4.957466513158247E-01
   1.561387045841412E+00  -5.446929701241940E-01  -1.696077549167921E+00
   1.029643065991838E+00  -8.357958849218342E-01   6.531066951108324E-01
   1.134669536244968E+00   2.659550002490063E-01   3.889322133697947E-01
   1.986496941118909E+00   6.656000413136302E-02   1.054667327873978E-01
  -1.980069947713909E+00   6.467758008927803E-01  -6.547049588275272E-01
   1.790932995500724E-01  -1.062296140824307E+00   1.454030085157166E-01
   3.088172454119237E-01  -2.113581440253403E-01  -1.666663066610696E+00
  -3.812005788178507E-01   2.063987100677461E+00  -6.189213343263350E-01
  -6.271751957487867E-01  -4.242932959533206E-01  -1.318658264234565E+00
  -3.493956930238697E-01  -7.588961959014469E-01  -1.133293189821733E+00
  -1.052482400472346E+00  -4.082004791500641E-01  -9.346292948474966E-01
  -2.895424255998220E-01  -4.211767033216966E-02   8.495719641537451E-01
   4.626556557211166E-01  -1.787645301301447E+00  -1.205596498174159E+00
  -1.322613646840172E+00  -6.115176262831532E-01   6.835072686513566E-01
  -1.515474065114749E-01  -4.463912600601388E-01   2.341735868579211E+00
  -2.120800665625691E-01   5.356588711820097E-01  -2.938004014887928E-01
  -4.085129331437713E-02   1.774507820482364E-01   1.193952581117608E+00
  -9.349751813536919E-02   9.472642438340029E-01   1.054746784066031E+00
  -6.857991246946608E-01   1.507186935620524E+00  -8.320000314711040E-02
  -4.626815416667238E-01   9.441578875604043E-01  -9.021848962933027E-01
